1390993565
1390993565
1390993565
1390993565
1390993565
1390993566
1390993566
1390993566
1390993566
1390993566
1390993566
1390993566
1390993566
1390993566
1390993566
1390993567
1390993567
1390993567
1390993567
1390993567
1390993567
1390993567
1390993567
1390993567
1390993567
1390993567
1390993567
1390993568
1390993568
1390993568
1390993568
1390993568
1390993568
1390993568
1390993568
1390993568
1390993568
1390993568
1390993569
1390993569
1390993569
1390993569
1390993569
1390993569
1390993569
1390993569
1390993569
1390993569
1390993569
1390993570
1390993570
1390993570
1390993570
1390993570
1390993570
1390993570
1390993570
1390993570
1390993570
1390993570
1390993571
1390993571
1390993571
1390993571
1390993571
1390993571
1390993571
1390993571
1390993571
1390993571
1390993571
1390993572
1390993572
1390993572
1390993572
1390993572
1390993572
1390993572
1390993572
1390993572
1390993572
1390993573
1390993573
1390993573
1390993573
1390993573
1390993573
1390993573
1390993573
1390993573
1390993573
1390993573
1390993573
1390993574
1390993574
1390993574
1390993574
1390993574
1390993574
1390993574
1390993574
1390993574
1390993574
1390993574
1390993575
1390993575
1390993575
1390993575
1390993575
1390993575
1390993575
1390993575
1390993575
1390993575
1390993575
1390993576
1390993576
1390993576
1390993576
1390993576
1390993576
1390993576
1390993576
1390993576
1390993576
1390993577
1390993577
1390993577
1390993577
1390993577
1390993577
1390993577
1390993577
1390993577
1390993577
1390993577
1390993577
1390993578
1390993578
1390993578
1390993578
1390993578
1390993578
1390993578
1390993578
1390993578
1390993578
1390993578
1390993579
1390993579
1390993579
1390993579
1390993579
1390993579
1390993579
1390993579
1390993579
1390993579
1390993579
1390993580
1390993580
1390993580
1390993580
1390993580
1390993580
1390993580
1390993580
1390993580
1390993580
1390993580
1390993580
1390993581
1390993581
1390993581
1390993581
1390993581
1390993581
1390993581
1390993581
1390993581
1390993581
1390993581
1390993582
1390993582
1390993582
1390993582
1390993582
1390993582
1390993582
1390993582
1390993582
1390993582
1390993582
1390993583
1390993583
1390993583
1390993583
1390993583
1390993583
1390993583
1390993583
1390993583
1390993583
1390993583
1390993584
1390993584
1390993584
1390993584
1390993584
1390993584
1390993584
1390993584
1390993584
1390993584
1390993584
1390993585
1390993585
1390993585
1390993585
1390993585
1390993585
1390993585
1390993585
1390993585
1390993585
1390993585
1390993585
1390993586
1390993586
1390993586
1390993586
1390993586
1390993586
1390993586
1390993586
1390993586
1390993586
1390993586
1390993587
1390993587
1390993587
1390993587
1390993587
1390993587
1390993587
1390993587
1390993587
1390993587
1390993587
1390993588
1390993588
1390993588
1390993588
1390993588
1390993588
1390993588
1390993588
1390993588
1390993588
1390993588
1390993589
1390993589
1390993589
1390993589
1390993589
1390993589
1390993589
1390993589
1390993589
1390993589
1390993589
1390993589
1390993590
1390993590
1390993590
1390993590
1390993590
1390993590
1390993590
1390993590
1390993590
1390993590
1390993590
1390993591
1390993591
1390993591
1390993591
1390993591
1390993591
1390993591
1390993591
1390993591
1390993591
1390993591
1390993591
1390993592
1390993592
1390993592
1390993592
1390993592
1390993592
1390993592
1390993592
1390993592
1390993592
1390993592
1390993593
1390993593
1390993593
1390993593
1390993593
1390993593
1390993593
1390993593
1390993593
1390993593
1390993593
1390993593
1390993594
1390993594
1390993594
1390993594
1390993594
1390993594
1390993594
1390993594
1390993594
1390993594
1390993594
1390993595
1390993595
1390993595
1390993595
1390993595
1390993595
1390993595
1390993595
1390993595
1390993595
1390993595
1390993595
1390993596
1390993596
1390993596
1390993596
1390993596
1390993596
1390993596
1390993596
1390993596
1390993596
1390993596
1390993597
1390993597
1390993597
1390993597
1390993597
1390993597
1390993597
1390993597
1390993597
1390993597
1390993598
1390993618
1390993618
1390993618
1390993618
1390993618
1390993618
1390993619
1390993619
1390993619
1390993619
1390993619
1390993619
1390993619
1390993619
1390993619
1390993620
1390993620
1390993620
1390993620
1390993620
1390993620
1390993620
1390993620
1390993620
1390993620
1390993620
1390993621
1390993621
1390993621
1390993621
1390993621
1390993621
1390993621
1390993621
1390993621
1390993621
1390993622
1390993622
1390993622
1390993622
1390993622
1390993622
1390993622
1390993622
1390993622
1390993622
1390993622
1390993622
1390993623
1390993623
1390993623
1390993623
1390993623
1390993623
1390993623
1390993623
1390993624
1390993624
1390993624
1390993624
1390993624
1390993624
1390993624
1390993624
1390993624
1390993625
1390993625
1390993625
1390993625
1390993625
1390993625
1390993625
1390993625
1390993625
1390993625
1390993626
1390993626
1390993626
1390993626
1390993626
1390993626
1390993626
1390993626
1390993627
1390993628
1390993628
1390993628
1390993628
1390993628
1390993628
1390993628
1390993628
1390993628
1390993628
1390993628
1390993629
1390993629
1390993629
1390993629
1390993629
1390993629
1390993629
1390993629
1390993629
1390993629
1390993629
1390993629
1390993630
1390993630
1390993630
1390993630
1390993630
1390993630
1390993630
1390993630
1390993630
1390993630
1390993631
1390993631
1390993631
1390993631
1390993631
1390993631
1390993631
1390993631
1390993632
1390993632
1390993632
1390993632
1390993632
1390993632
1390993632
1390993632
1390993632
1390993632
1390993632
1390993633
1390993633
1390993633
1390993633
1390993633
1390993633
1390993633
1390993633
1390993633
1390993633
1390993634
1390993634
1390993634
1390993634
1390993634
1390993634
1390993634
1390993634
1390993634
1390993634
1390993635
1390993635
1390993635
1390993635
1390993635
1390993635
1390993635
1390993635
1390993636
1390993636
1390993636
1390993636
1390993636
1390993636
1390993636
1390993636
1390993636
1390993636
1390993636
1390993637
1390993637
1390993637
1390993637
1390993637
1390993637
1390993637
1390993637
1390993638
1390993638
1390993638
1390993638
1390993638
1390993638
1390993638
1390993638
1390993638
1390993639
1390993639
1390993639
1390993639
1390993639
1390993639
1390993639
1390993639
1390993639
1390993640
1390993640
1390993640
1390993640
1390993640
1390993640
1390993640
1390993640
1390993640
1390993641
1390993641
1390993641
1390993641
1390993641
1390993641
1390993641
1390993641
1390993641
1390993641
1390993642
1390993642
1390993642
1390993642
1390993642
1390993642
1390993642
1390993642
1390993642
1390993642
1390993643
1390993643
1390993643
1390993643
1390993643
1390993643
1390993643
1390993643
1390993643
1390993643
1390993644
1390993644
1390993644
1390993645
1390993645
1390993645
1390993645
1390993645
1390993645
1390993645
1390993645
1390993645
1390993645
1390993645
1390993646
1390993646
1390993646
1390993646
1390993646
1390993646
1390993646
1390993646
1390993646
1390993646
1390993647
1390993647
1390993647
1390993647
1390993647
1390993647
1390993647
1390993647
1390993647
1390993649
1390993649
1390993650
1390993650
1390993650
1390993650
1390993650
1390993650
1390993650
1390993651
1390993651
1390993651
1390993651
1390993651
1390993651
1390993651
1390993652
1390993652
1390993652
1390993652
1390993652
1390993652
1390993652
1390993652
1390993652
1390993653
1390993653
1390993653
1390993653
1390993653
1390993653
1390993653
1390993653
1390993653
1390993654
1390993654
1390993654
1390993654
1390993654
1390993654
1390993654
1390993654
1390993654
1390993654
1390993654
1390993655
1390993655
1390993655
1390993655
1390993655
1390993655
1390993655
1390993656
1390993656
1390993656
1390993656
1390993656
1390993656
1390993656
1390993656
1390993656
1390993657
1390993657
1390993657
1390993657
1390993657
1390993657
1390993657
1390993657
1390993658
1390993658
1390993658
1390993658
1390993658
1390993658
1390993658
1390993658
1390993659
1390993659
1390993659
1390993659
1390993659
1390993659
1390993659
1390993659
1390993659
1390993659
1390993660
1390993660
1390993660
1390993660
1390993660
1390993660
1390993660
1390993660
1390993660
1390993660
1390993661
1390993661
1390993661
1390993661
1390993661
1390993661
1390993661
1390993661
1390993661
1390993662
1390993662
1390993662
1390993662
1390993662
1390993662
1390993662
1390993662
1390993663
1390993663
1390993663
1390993663
1390993663
1390993663
1390993663
1390993663
1390993663
1390993663
